194 9 4828 11 31 6256 2 336 3 5497 326 31 4394 7 118 2 199 139 13 6 5 62 62 2536 4 3916 2 1182 31 3063 2 16 741 385 6 2536 1929 3 264 22 22 1 1 1 1 1 1 1 1 1 1 1 1 1 1 1 1 1 1 1 1 1 1 1 1 1 1 1 1 1 1 1 1 1 1 1 1 1 1 1 1 1 1 1 1 1 1 1 1 1 1 1 1 1 1 1 1 1 1 1
5 8 163 5036 3 4820 2 9007 6 1982 317 3 2072 4 1379 36 5 1075 281 3 1475 69 38 3 33 381 21 9 42 346 13 143 16 34 229 2954 44 1095 3 590 4 11 1 1 1 1 1 1 1 1 1 1 1 1 1 1 1 1 1 1 1 1 1 1 1 1 1 1 1 1 1 1 1 1 1 1 1 1 1 1 1 1 1 1 1 1 1 1 1 1 1 1 1 1 1 1 1 1 1 1
5 5097 3 23 157 635 158 5583 2 8 574 3 157 264 74 2 27 827 14 527 2 2524 14 1220 2 405 6 177 45 27 1906 14 5 367 129 33 658 2486 3 194 2 753 5 6474 3 607 4 1 1 1 1 1 1 1 1 1 1 1 1 1 1 1 1 1 1 1 1 1 1 1 1 1 1 1 1 1 1 1 1 1 1 1 1 1 1 1 1 1 1 1 1 1 1 1 1 1 1 1 1 1
6612 3 596 3371 21 9 90 120 8 583 844 778 185 3 4 11 2646 2 464 8 239 158 1245 2 844 8 464 158 4538 4 27 8 215 3 3194 4632 2 1539 10 912 1002 3 215 4 1 1 1 1 1 1 1 1 1 1 1 1 1 1 1 1 1 1 1 1 1 1 1 1 1 1 1 1 1 1 1 1 1 1 1 1 1 1 1 1 1 1 1 1 1 1 1 1 1 1 1 1 1 1 1 1
190 190 2 5 287 110 6 4435 3 145 12 8 74 2 4435 3 145 12 130 956 2 130 659 83 130 151 2 126 671 2 7 23 624 130 3 714 46 4435 145 12 1 1 1 1 1 1 1 1 1 1 1 1 1 1 1 1 1 1 1 1 1 1 1 1 1 1 1 1 1 1 1 1 1 1 1 1 1 1 1 1 1 1 1 1 1 1 1 1 1 1 1 1 1 1 1 1 1 1 1 1
2291 367 621 2 484 1162 3 846 973 608 5 475 4 97 5 13 1721 63 2 13 175 1054 3 846 45 97 5 6169 63 2 13 363 703 3 846 45 97 5 3215 63 2 13 903 4552 3 846 22 22 1 1 1 1 1 1 1 1 1 1 1 1 1 1 1 1 1 1 1 1 1 1 1 1 1 1 1 1 1 1 1 1 1 1 1 1 1 1 1 1 1 1 1 1 1 1 1 1 1 1 1 1
2936 12 16 1844 46 1723 3 69 428 3 5 2 288 5 244 16 47 2566 3 1133 6 40 3 7007 4 8966 5 1125 6552 3688 407 2 5 161 560 28 1085 342 2481 3 1591 55 36 40 103 7506 2 4136 43 702 4 1 1 1 1 1 1 1 1 1 1 1 1 1 1 1 1 1 1 1 1 1 1 1 1 1 1 1 1 1 1 1 1 1 1 1 1 1 1 1 1 1 1 1 1 1 1 1 1 1
151 2 15 48 1980 100 2 4979 31 7070 10 2 856 10 197 4 97 16 151 63 2 407 34 1148 5116 2 84 192 1477 19 8 232 3 4 5 3 151 2 13 2876 2 685 1406 2 179 5 3281 955 4 1 1 1 1 1 1 1 1 1 1 1 1 1 1 1 1 1 1 1 1 1 1 1 1 1 1 1 1 1 1 1 1 1 1 1 1 1 1 1 1 1 1 1 1 1 1 1 1 1 1 1
1729 2 114 7 1565 2 205 5594 229 6 1549 3 3103 2 398 2 583 386 3 5594 65 3103 6923 2 3103 285 25 5967 100 2 19 8 566 3 2 7 1512 102 2 3103 536 168 5546 3 7099 4 1 1 1 1 1 1 1 1 1 1 1 1 1 1 1 1 1 1 1 1 1 1 1 1 1 1 1 1 1 1 1 1 1 1 1 1 1 1 1 1 1 1 1 1 1 1 1 1 1 1 1 1 1 1
73 5 3 465 13 157 1475 7 3302 14 5 2 33 69 239 17 5 42 239 2 149 2 5 3 215 158 466 222 103 57 50 51 4 23 210 3 555 2 643 436 5 40 1577 3 1070 2 9475 3 2082 4 1 1 1 1 1 1 1 1 1 1 1 1 1 1 1 1 1 1 1 1 1 1 1 1 1 1 1 1 1 1 1 1 1 1 1 1 1 1 1 1 1 1 1 1 1 1 1 1 1 1
140 3 195 906 638 5561 4127 17 9598 2 48 194 276 4661 4 36 10 968 98 2 65 195 2136 30 607 2 65 4986 543 140 3 3011 237 3259 30 40 94 5032 3 3600 4 1 1 1 1 1 1 1 1 1 1 1 1 1 1 1 1 1 1 1 1 1 1 1 1 1 1 1 1 1 1 1 1 1 1 1 1 1 1 1 1 1 1 1 1 1 1 1 1 1 1 1 1 1 1 1 1 1 1 1
261 185 6 2 4082 164 40 486 2435 2 27 42 68 9843 6 4 105 53 9789 29 21 9 814 16 2 9789 12 11 4082 231 31 29 21 9 8761 2 5 1704 47 34 56 3 12 11 1 1 1 1 1 1 1 1 1 1 1 1 1 1 1 1 1 1 1 1 1 1 1 1 1 1 1 1 1 1 1 1 1 1 1 1 1 1 1 1 1 1 1 1 1 1 1 1 1 1 1 1 1 1 1 1
214 2 1064 3442 2 1936 2 8664 2 138 150 6 109 32 361 44 490 214 3 790 4 33 790 2 1246 17 2077 17 1531 2 8 390 17 595 17 1383 3 790 2 8 369 3442 3 790 2 114 22 22 1 1 1 1 1 1 1 1 1 1 1 1 1 1 1 1 1 1 1 1 1 1 1 1 1 1 1 1 1 1 1 1 1 1 1 1 1 1 1 1 1 1 1 1 1 1 1 1 1 1 1 1
313 144 1552 46 2 374 1585 78 724 1838 281 2 13 897 3 2 662 3 22 528 829 2830 3 590 7 1333 2 166 384 74 12 336 3 390 18 579 693 6 2 528 52 369 3756 6 757 924 3 2122 2 1181 1082 4187 3 2 89 996 395 4 1 1 1 1 1 1 1 1 1 1 1 1 1 1 1 1 1 1 1 1 1 1 1 1 1 1 1 1 1 1 1 1 1 1 1 1 1 1 1 1 1 1
8375 3 6814 2 15 48 108 3 860 2 1152 31 42 1094 2 2577 31 42 1759 168 40 3 108 4 55 219 58 3 4423 75 48 372 2253 3 813 1243 7 2030 3 374 833 4 1 1 1 1 1 1 1 1 1 1 1 1 1 1 1 1 1 1 1 1 1 1 1 1 1 1 1 1 1 1 1 1 1 1 1 1 1 1 1 1 1 1 1 1 1 1 1 1 1 1 1 1 1 1 1 1 1 1
131 350 243 5 21 1705 1064 2 16 94 115 84 32 330 3005 31 211 16 21 5 115 425 4 8 3 2 5 115 425 2 73 425 7 5 3 2549 44 8 157 197 17 157 546 4 1 1 1 1 1 1 1 1 1 1 1 1 1 1 1 1 1 1 1 1 1 1 1 1 1 1 1 1 1 1 1 1 1 1 1 1 1 1 1 1 1 1 1 1 1 1 1 1 1 1 1 1 1 1 1 1
373 1106 768 6 2 557 78 7450 309 3791 98 2 159 50 667 17 50 328 2 67 134 66 3 2182 25 9013 36 557 298 2253 340 4 199 35 1243 6 98 4 179 8403 63 35 113 185 4 1812 365 1192 6 2 134 66 19 233 6 4 557 23 101 2376 167 185 2 1539 14 249 3 369 2 65 369 3259 539 1220 4 1 1 1 1 1 1 1 1 1 1 1 1 1 1 1 1 1 1 1 1 1 1 1 1 1
108 3 714 2 26 18 8 151 3 2 3871 3458 2 3917 2 478 478 2805 2 3770 3 939 671 1002 3 1463 366 14 2 134 66 68 7918 6183 3 1186 337 1044 2 1946 14 2 1216 14 22 22 1 1 1 1 1 1 1 1 1 1 1 1 1 1 1 1 1 1 1 1 1 1 1 1 1 1 1 1 1 1 1 1 1 1 1 1 1 1 1 1 1 1 1 1 1 1 1 1 1 1 1 1 1 1
390 2 5 42 640 16 4 8 16 2056 6 5 3488 3 1247 652 2 8 16 36 242 7 329 30 96 6 281 2 8 16 22 22 350 29 2 640 84 542 12 640 84 390 2 259 80 18 49 4 89 5 164 16 50 377 2 125 105 29 3 49 80 4 5 640 28 137 390 16 2 107 575 44 370 518 3 1081 4 1 1 1 1 1 1 1 1 1 1 1 1 1 1 1 1 1 1 1 1 1 1 1
313 8 440 3 4 16 64 2 33 1956 9787 300 440 3 9 9881 11 523 14 576 46 3 9310 4 1049 655 19 579 693 6 2 6188 1956 1252 4992 7 9 5218 11 30 4 805 64 2 47 76 110 58 2076 7 655 513 8726 2 963 47 7 724 92 9699 72 12 134 66 2 7 310 2496 2 156 3 89 231 6 4 1 1 1 1 1 1 1 1 1 1 1 1 1 1 1 1 1 1 1 1 1 1 1 1 1
38 37 42 5233 6 2 16 997 5 2521 5434 2 29 2 42 1921 2 9415 141 16 307 2856 12 5 385 16 25 38 7 9015 6385 29 14 318 2 370 3 1412 19 25 5 2653 2 5 1403 4352 6139 2 75 4461 479 16 3 264 4 1 1 1 1 1 1 1 1 1 1 1 1 1 1 1 1 1 1 1 1 1 1 1 1 1 1 1 1 1 1 1 1 1 1 1 1 1 1 1 1 1 1 1 1 1
13 143 2 978 601 78 945 333 4 35 7664 53 14 132 29 21 9 105 19 29 313 3 2083 1095 2 313 3 1463 779 57 94 86 4 74 2 61 164 7 313 8 94 197 3 12 11 1982 3 714 141 6 2 182 4061 231 6 4 199 2 61 9503 6 98 4 1 1 1 1 1 1 1 1 1 1 1 1 1 1 1 1 1 1 1 1 1 1 1 1 1 1 1 1 1 1 1 1 1 1 1 1 1
5 248 593 1416 2 73 9 8612 3985 11 66 49 2086 2 5 166 60 859 29 21 9 5463 2 16 270 2086 133 12 11 5 37 59 60 2 29 6 18 4835 2 15 41 71 870 3 283 6 4 1 1 1 1 1 1 1 1 1 1 1 1 1 1 1 1 1 1 1 1 1 1 1 1 1 1 1 1 1 1 1 1 1 1 1 1 1 1 1 1 1 1 1 1 1 1 1 1 1 1 1 1 1
1434 29 21 9 23 4303 2985 943 8 209 2020 6 2 16 761 2 37 704 6 2 323 2 16 2170 2 909 4444 8613 35 34 2183 279 16 25 51 2 1361 2 165 35 153 736 4 11 1 1 1 1 1 1 1 1 1 1 1 1 1 1 1 1 1 1 1 1 1 1 1 1 1 1 1 1 1 1 1 1 1 1 1 1 1 1 1 1 1 1 1 1 1 1 1 1 1 1 1 1 1 1 1 1
591 90 455 202 26 3975 70 2 348 18 49 59 3975 113 3975 3 5806 2 89 5 430 3431 190 376 3 2219 2 372 19 7 2628 9278 2 378 1218 2630 25 1273 3 1839 2 113 1256 40 3 351 525 2 572 290 60 78 732 485 1425 4 1 1 1 1 1 1 1 1 1 1 1 1 1 1 1 1 1 1 1 1 1 1 1 1 1 1 1 1 1 1 1 1 1 1 1 1 1 1 1 1 1 1 1 1
1593 2 1403 56 6 2 5 206 3 1177 14 2 261 1879 52 5 3067 6 296 3 213 4 511 238 6 2 5 186 6524 6 1383 2 110 6 4661 3 194 4 10 373 5975 14 6101 3 213 25 3790 3 2751 4 1 1 1 1 1 1 1 1 1 1 1 1 1 1 1 1 1 1 1 1 1 1 1 1 1 1 1 1 1 1 1 1 1 1 1 1 1 1 1 1 1 1 1 1 1 1 1 1 1 1
5 8 709 390 2 709 518 3 390 2 7 3589 44 6416 518 3 2082 45 5 8 709 390 2 709 492 1286 3 1047 2 41 1930 6 40 2 75 52 198 181 6 296 4 1 1 1 1 1 1 1 1 1 1 1 1 1 1 1 1 1 1 1 1 1 1 1 1 1 1 1 1 1 1 1 1 1 1 1 1 1 1 1 1 1 1 1 1 1 1 1 1 1 1 1 1 1 1 1 1 1 1 1
13 143 2 5 243 38 21 9 197 7 732 32 184 334 485 35 32 11 38 366 14 29 21 9 197 8 157 151 2 301 16 1655 334 380 403 35 11 4 5 643 3520 41 753 197 3 3263 4 1 1 1 1 1 1 1 1 1 1 1 1 1 1 1 1 1 1 1 1 1 1 1 1 1 1 1 1 1 1 1 1 1 1 1 1 1 1 1 1 1 1 1 1 1 1 1 1 1 1 1 1 1
197 7 732 32 197 7 732 32 2140 904 2 144 188 3 1110 1270 2 110 82 66 13 3 5676 2 13 3 1876 2 107 3 3096 22 22 82 66 389 133 2 167 133 2 1446 203 7885 3 1261 4 1 1 1 1 1 1 1 1 1 1 1 1 1 1 1 1 1 1 1 1 1 1 1 1 1 1 1 1 1 1 1 1 1 1 1 1 1 1 1 1 1 1 1 1 1 1 1 1 1 1 1 1 1
362 784 2354 2 15 48 279 217 8993 4859 4 425 208 2891 17 6656 15 76 4 8 191 23 3041 3 154 147 5 320 2 425 147 5 862 1207 3 269 2 479 31 2066 40 4 1 1 1 1 1 1 1 1 1 1 1 1 1 1 1 1 1 1 1 1 1 1 1 1 1 1 1 1 1 1 1 1 1 1 1 1 1 1 1 1 1 1 1 1 1 1 1 1 1 1 1 1 1 1 1 1 1 1
10 188 13 1052 3 5011 4 13 2499 3 1110 2 13 1302 3 2094 2 13 1113 3 335 2 107 108 3 58 2009 22 22 488 5 94 115 3 8 188 3842 3 58 1545 4 1 1 1 1 1 1 1 1 1 1 1 1 1 1 1 1 1 1 1 1 1 1 1 1 1 1 1 1 1 1 1 1 1 1 1 1 1 1 1 1 1 1 1 1 1 1 1 1 1 1 1 1 1 1 1 1 1 1 1
688 2 203 1246 3 534 4278 2 36 16 262 9099 2 7 876 46 103 59 103 2 16 34 559 357 3 1253 2 36 16 4167 230 1000 505 65 145 887 2 36 16 670 391 123 3 210 2 36 16 152 164 13 84 2744 4 1 1 1 1 1 1 1 1 1 1 1 1 1 1 1 1 1 1 1 1 1 1 1 1 1 1 1 1 1 1 1 1 1 1 1 1 1 1 1 1 1 1 1 1 1 1 1
214 3 328 7 1643 32 214 3 328 7 1552 46 4 5915 2858 1343 2 48 2131 3738 3 8702 4 354 3787 3 595 30 2492 6 2030 3 9873 2 4954 1936 17 9570 3 1261 4 1 1 1 1 1 1 1 1 1 1 1 1 1 1 1 1 1 1 1 1 1 1 1 1 1 1 1 1 1 1 1 1 1 1 1 1 1 1 1 1 1 1 1 1 1 1 1 1 1 1 1 1 1 1 1 1 1 1 1
